27
29
39
44
53
57
58
64
65
66
69
70
71
72
73
74
75
88
91
92
93
95
97
101
102
107
120
122
123
124
127
130
134
135
136
137
138
140
142
143
144
149
150
153
156
157
158
159
166
167
174
180
182
183
186
188
190
192
194
195
197
198
207
209
211
212
214
216
217
218
220
221
223
224
226
228
230
233
234
235
238
241
242
243
245
247
248
251
252
253
254
255
256
257
260
261
262
264
267
270
271
272
273
276
278
281
284
285
286
287
288
289
290
292
295
296
297
301
302
303
304
305
306
307
310
311
312
314
315
318
320
322
323
325
327
333
337
338
340
341
342
343
347
350
352
353
354
362
363
365
366
369
370
374
375
378
379
381
383
384
385
386
388
390
391
394
396
397
399
402
403
404
406
407
410
411
412
414
415
417
419
421
422
423
425
427
428
430
432
433
434
435
437
438
440
441
445
446
447
448
451
453
454
455
457
460
461
462
464
467
468
470
471
472
476
478
479
481
482
483
484
485
486
487
489
490
492
494
496
497
499
503
504
508
509
510
511
513
514
515
516
518
520
521
526
527
528
531
533
534
535
536
537
538
543
545
547
549
552
553
556
557
558
568
569
578
582
596
